0.00000000e+00	-3.53111940e-04
1.00000000e-02	-3.68750299e-04
2.00000000e-02	-3.84376806e-04
3.00000000e-02	-3.99970068e-04
4.00000000e-02	-4.15524526e-04
5.00000000e-02	-4.31025915e-04
6.00000000e-02	-4.46455779e-04
7.00000000e-02	-4.61806462e-04
8.00000000e-02	-4.77063384e-04
9.00000000e-02	-4.92209662e-04
1.00000000e-01	-5.07241834e-04
1.10000000e-01	-5.22153293e-04
1.20000000e-01	-5.36930929e-04
1.30000000e-01	-5.51573170e-04
1.40000000e-01	-5.66082742e-04
1.50000000e-01	-5.80446011e-04
1.60000000e-01	-5.94682274e-04
1.70000000e-01	-6.08789959e-04
1.80000000e-01	-6.22778189e-04
1.90000000e-01	-6.36667206e-04
2.00000000e-01	-6.50481656e-04
2.10000000e-01	-6.64239892e-04
2.20000000e-01	-6.77973272e-04
2.30000000e-01	-6.91686307e-04
2.40000000e-01	-7.05423882e-04
2.50000000e-01	-7.19225851e-04
2.60000000e-01	-7.33152624e-04
2.70000000e-01	-7.47235033e-04
2.80000000e-01	-7.61524889e-04
2.90000000e-01	-7.76066343e-04
3.00000000e-01	-7.90923162e-04
3.10000000e-01	-8.06153655e-04
3.20000000e-01	-8.21824735e-04
3.30000000e-01	-8.37997230e-04
3.40000000e-01	-8.54738576e-04
3.50000000e-01	-8.72132254e-04
3.60000000e-01	-8.90244337e-04
3.70000000e-01	-9.09147504e-04
3.80000000e-01	-9.28330902e-04
3.90000000e-01	-9.41266381e-04
4.00000000e-01	-9.46081580e-04
4.10000000e-01	-9.51375540e-04
4.20000000e-01	-9.60980768e-04
4.30000000e-01	-9.71069477e-04
4.40000000e-01	-9.77531239e-04
4.50000000e-01	-9.80330395e-04
4.60000000e-01	-9.81616811e-04
4.70000000e-01	-9.82503857e-04
4.80000000e-01	-9.82446595e-04
4.90000000e-01	-9.80503966e-04
5.00000000e-01	-9.76404444e-04
5.10000000e-01	-9.70363343e-04
5.20000000e-01	-9.62562936e-04
5.30000000e-01	-9.52882198e-04
5.40000000e-01	-9.41103088e-04
5.50000000e-01	-9.27094302e-04
5.60000000e-01	-9.10798681e-04
5.70000000e-01	-8.92225351e-04
5.80000000e-01	-8.71343478e-04
5.90000000e-01	-8.53718651e-04
6.00000000e-01	-8.51540050e-04
6.10000000e-01	-8.54014613e-04
6.20000000e-01	-8.46967011e-04
6.30000000e-01	-8.32254503e-04
6.40000000e-01	-8.18566744e-04
6.50000000e-01	-7.76905985e-04
6.60000000e-01	-6.35605016e-04
6.70000000e-01	-4.53822206e-04
6.80000000e-01	-3.11392451e-04
6.90000000e-01	-1.98253050e-04
7.00000000e-01	-6.02390599e-05
7.10000000e-01	1.24031779e-04
7.20000000e-01	3.29395147e-04
7.30000000e-01	5.33863289e-04
7.40000000e-01	1.06424467e-03
7.50000000e-01	2.97380413e-03
7.60000000e-01	5.97230461e-03
7.70000000e-01	9.26871754e-03
7.80000000e-01	9.20631911e-03
7.90000000e-01	3.82463018e-03
8.00000000e-01	-5.76895309e-03
8.10000000e-01	-1.71184925e-02
8.20000000e-01	-1.80336247e-02
8.30000000e-01	-7.25522852e-03
8.40000000e-01	3.28416858e-03
8.50000000e-01	9.28879826e-03
8.60000000e-01	1.53869485e-02
8.70000000e-01	2.67811192e-02
8.80000000e-01	1.25689039e-02
8.90000000e-01	-2.22428468e-02
9.00000000e-01	-4.44572091e-02
9.10000000e-01	-1.95795476e-02
9.20000000e-01	1.64389866e-02
9.30000000e-01	2.28781472e-02
9.40000000e-01	2.79862666e-02
9.50000000e-01	2.72819049e-02
9.60000000e-01	1.62087929e-02
9.70000000e-01	8.22401557e-03
9.80000000e-01	5.96255528e-03
9.90000000e-01	1.39345964e-03
1.00000000e+00	-9.47700979e-03
1.01000000e+00	-3.50178018e-03
1.02000000e+00	8.56451630e-03
1.03000000e+00	2.77539545e-03
1.04000000e+00	-3.92567983e-03
1.05000000e+00	1.01018582e-02
1.06000000e+00	2.50917460e-02
1.07000000e+00	1.22647198e-02
1.08000000e+00	-1.25395804e-02
1.09000000e+00	-1.77168030e-02
1.10000000e+00	-3.88826825e-04
1.11000000e+00	9.86337411e-03
1.12000000e+00	6.32690915e-04
1.13000000e+00	-8.16541787e-03
1.14000000e+00	-3.54443349e-03
1.15000000e+00	6.06204436e-03
1.16000000e+00	1.03209507e-02
1.17000000e+00	2.86834233e-03
1.18000000e+00	-1.04379741e-02
1.19000000e+00	-2.06811399e-02
1.20000000e+00	-2.71158014e-02
1.21000000e+00	-2.07743228e-02
1.22000000e+00	5.04428729e-03
1.23000000e+00	2.95312037e-02
1.24000000e+00	3.28348164e-02
1.25000000e+00	1.00445988e-02
1.26000000e+00	-1.75938352e-02
1.27000000e+00	-3.44122653e-02
1.28000000e+00	-3.48059510e-02
1.29000000e+00	-4.53040876e-03
1.30000000e+00	3.55545287e-02
1.31000000e+00	4.77108586e-02
1.32000000e+00	1.73166988e-02
1.33000000e+00	-2.02584872e-02
1.34000000e+00	-3.78426528e-02
1.35000000e+00	-3.37262465e-02
1.36000000e+00	-2.12991462e-02
1.37000000e+00	-7.13160523e-04
1.38000000e+00	1.74066619e-02
1.39000000e+00	3.11048246e-02
1.40000000e+00	2.64804590e-02
1.41000000e+00	3.29879782e-03
1.42000000e+00	-6.64136169e-03
1.43000000e+00	6.28128783e-04
1.44000000e+00	7.31376014e-03
1.45000000e+00	-4.41897213e-03
1.46000000e+00	-3.41646726e-02
1.47000000e+00	-2.35027817e-02
1.48000000e+00	5.13223051e-02
1.49000000e+00	8.65641652e-02
1.50000000e+00	2.22155579e-02
1.51000000e+00	-6.85746201e-02
1.52000000e+00	-1.04332567e-01
1.53000000e+00	-4.05432461e-02
1.54000000e+00	7.80942685e-02
1.55000000e+00	1.34258506e-01
1.56000000e+00	8.04158063e-02
1.57000000e+00	-1.03231657e-02
1.58000000e+00	-9.09965647e-02
1.59000000e+00	-7.13850402e-02
1.60000000e+00	9.45367055e-03
1.61000000e+00	3.60906578e-02
1.62000000e+00	2.88898204e-02
1.63000000e+00	5.22647681e-03
1.64000000e+00	-2.21503247e-02
1.65000000e+00	-2.30943923e-02
1.66000000e+00	1.87303094e-02
1.67000000e+00	6.32923217e-02
1.68000000e+00	4.89212708e-02
1.69000000e+00	-1.56144678e-02
1.70000000e+00	-6.16779353e-02
1.71000000e+00	-4.88271965e-02
1.72000000e+00	-5.51554816e-03
1.73000000e+00	6.46772696e-03
1.74000000e+00	-1.33633022e-02
1.75000000e+00	-1.78167609e-02
1.76000000e+00	5.90166603e-04
1.77000000e+00	8.51862441e-03
1.78000000e+00	-2.13178143e-02
1.79000000e+00	-3.73791297e-02
1.80000000e+00	1.92020024e-02
1.81000000e+00	9.96889150e-02
1.82000000e+00	1.01552383e-01
1.83000000e+00	1.18895868e-02
1.84000000e+00	-7.13664770e-02
1.85000000e+00	-9.48585613e-02
1.86000000e+00	-6.51668440e-02
1.87000000e+00	-4.80687709e-02
1.88000000e+00	-5.76848324e-02
1.89000000e+00	-3.11824018e-02
1.90000000e+00	2.53580487e-02
1.91000000e+00	7.39094512e-02
1.92000000e+00	5.32512898e-02
1.93000000e+00	-4.23557339e-02
1.94000000e+00	-1.08469771e-01
1.95000000e+00	-9.12508170e-02
1.96000000e+00	-1.10704271e-02
1.97000000e+00	6.53910282e-02
1.98000000e+00	9.69506291e-02
1.99000000e+00	8.34835830e-02
2.00000000e+00	1.03098694e-02
2.01000000e+00	-6.06992374e-02
2.02000000e+00	-7.64097617e-02
2.03000000e+00	-5.97899888e-02
2.04000000e+00	-3.46623225e-02
2.05000000e+00	-4.75580114e-03
2.06000000e+00	5.79698346e-02
2.07000000e+00	7.45813536e-02
2.08000000e+00	1.25158783e-02
2.09000000e+00	-2.88464330e-02
2.10000000e+00	-1.25552490e-02
2.11000000e+00	2.33916650e-03
2.12000000e+00	-1.76447003e-02
2.13000000e+00	-3.43185266e-02
2.14000000e+00	-4.11960924e-02
2.15000000e+00	-5.09468049e-02
2.16000000e+00	-4.19573601e-02
2.17000000e+00	-2.53573880e-03
2.18000000e+00	5.49296509e-02
2.19000000e+00	8.87351002e-02
2.20000000e+00	9.44809112e-02
2.21000000e+00	7.31666942e-02
2.22000000e+00	4.64216735e-02
2.23000000e+00	-3.16960873e-03
2.24000000e+00	-4.73169316e-02
2.25000000e+00	-2.31424048e-02
2.26000000e+00	2.00750686e-02
2.27000000e+00	2.23689085e-02
2.28000000e+00	-6.11132902e-03
2.29000000e+00	-2.94354619e-02
2.30000000e+00	-3.35930113e-02
2.31000000e+00	-2.85591865e-02
2.32000000e+00	-1.92046872e-02
2.33000000e+00	8.26930547e-03
2.34000000e+00	2.11915743e-02
2.35000000e+00	1.05111622e-02
2.36000000e+00	1.75168767e-02
2.37000000e+00	3.64366562e-02
2.38000000e+00	3.96699911e-02
2.39000000e+00	6.44760009e-03
2.40000000e+00	-3.61714967e-02
2.41000000e+00	-5.31993654e-02
2.42000000e+00	-3.42818722e-02
2.43000000e+00	-4.86047952e-03
2.44000000e+00	2.32575383e-02
2.45000000e+00	4.62172586e-02
2.46000000e+00	3.98634255e-02
2.47000000e+00	-6.11672912e-03
2.48000000e+00	-4.24455921e-02
2.49000000e+00	-3.13187099e-02
2.50000000e+00	4.32273527e-03
2.51000000e+00	2.63845493e-02
2.52000000e+00	2.87298836e-02
2.53000000e+00	8.86265319e-03
2.54000000e+00	-1.38487130e-02
2.55000000e+00	-1.95281581e-02
2.56000000e+00	-2.72208458e-03
2.57000000e+00	1.70616389e-02
2.58000000e+00	1.20155960e-02
2.59000000e+00	-1.93952375e-02
2.60000000e+00	-4.00313015e-02
2.61000000e+00	-3.64313285e-02
2.62000000e+00	-4.90513493e-03
2.63000000e+00	3.52836954e-02
2.64000000e+00	4.59056702e-02
2.65000000e+00	3.34983497e-02
2.66000000e+00	1.26096590e-02
2.67000000e+00	-1.33759503e-02
2.68000000e+00	-3.71590881e-02
2.69000000e+00	-1.47003634e-02
2.70000000e+00	4.04416311e-02
2.71000000e+00	4.71939009e-02
2.72000000e+00	7.86289504e-03
2.73000000e+00	-1.76009878e-02
2.74000000e+00	-1.09746434e-02
2.75000000e+00	9.31836087e-03
2.76000000e+00	1.88844256e-02
2.77000000e+00	4.24766775e-03
2.78000000e+00	-1.99093950e-02
2.79000000e+00	-3.33055340e-02
2.80000000e+00	-2.63522368e-02
2.81000000e+00	-6.77063887e-03
2.82000000e+00	3.59212402e-03
2.83000000e+00	-7.28000037e-03
2.84000000e+00	-2.41033785e-02
2.85000000e+00	-1.37557818e-02
2.86000000e+00	2.34178002e-02
2.87000000e+00	4.49080316e-02
2.88000000e+00	2.59744609e-02
2.89000000e+00	-1.43541972e-03
2.90000000e+00	-8.78170210e-03
2.91000000e+00	-2.40714122e-03
2.92000000e+00	-7.46546204e-04
2.93000000e+00	-8.94161268e-03
2.94000000e+00	-1.96004915e-02
2.95000000e+00	-1.92595901e-02
2.96000000e+00	-5.89820930e-03
2.97000000e+00	7.78104830e-03
2.98000000e+00	1.74793414e-02
2.99000000e+00	2.48470165e-02
3.00000000e+00	2.58334123e-02
3.01000000e+00	1.50549407e-02
3.02000000e+00	3.16287146e-03
3.03000000e+00	-5.35562080e-03
3.04000000e+00	-9.32507088e-03
3.05000000e+00	-7.80538071e-03
3.06000000e+00	-6.63931555e-03
3.07000000e+00	-6.17212179e-03
3.08000000e+00	-5.10450848e-03
3.09000000e+00	-1.48933468e-03
3.10000000e+00	5.43619958e-03
3.11000000e+00	2.65274647e-03
3.12000000e+00	-7.71852611e-03
3.13000000e+00	-1.01326511e-02
3.14000000e+00	9.40133818e-05
3.15000000e+00	8.52522429e-03
3.16000000e+00	2.13262673e-03
3.17000000e+00	-1.06244499e-02
3.18000000e+00	-1.41207734e-02
3.19000000e+00	-3.74351443e-03
3.20000000e+00	7.67086180e-03
3.21000000e+00	8.33677678e-03
3.22000000e+00	-2.34736051e-03
3.23000000e+00	-1.21967913e-02
3.24000000e+00	-1.44608147e-02
3.25000000e+00	-1.02148198e-02
3.26000000e+00	-4.81207373e-03
3.27000000e+00	-3.60460329e-03
3.28000000e+00	-8.08785533e-03
3.29000000e+00	-1.46903057e-02
3.30000000e+00	-1.31763387e-02
3.31000000e+00	-2.65529602e-04
3.32000000e+00	1.19449721e-02
3.33000000e+00	1.57553800e-02
3.34000000e+00	7.62294473e-03
3.35000000e+00	-2.31869983e-03
3.36000000e+00	-3.00233267e-03
3.37000000e+00	2.07803637e-03
3.38000000e+00	4.54541660e-03
3.39000000e+00	4.64102735e-03
3.40000000e+00	7.07977312e-03
3.41000000e+00	1.03423256e-02
3.42000000e+00	7.06587488e-03
3.43000000e+00	-2.85804974e-03
3.44000000e+00	-1.07802546e-02
3.45000000e+00	-1.25192029e-02
3.46000000e+00	-3.20040680e-03
3.47000000e+00	1.02752297e-02
3.48000000e+00	1.64530400e-02
3.49000000e+00	1.51170381e-02
3.50000000e+00	7.42507511e-03
3.51000000e+00	-9.86002960e-04
3.52000000e+00	2.69529385e-03
3.53000000e+00	1.42078105e-02
3.54000000e+00	1.55652387e-02
3.55000000e+00	4.08564600e-03
3.56000000e+00	-6.55818931e-03
3.57000000e+00	-9.81334378e-03
3.58000000e+00	-9.71277238e-03
3.59000000e+00	-7.24266850e-03
3.60000000e+00	-2.66520266e-03
3.61000000e+00	2.66418326e-06
3.62000000e+00	-2.95822681e-04
3.63000000e+00	-8.29274959e-04
3.64000000e+00	-1.30731086e-03
3.65000000e+00	-3.43425853e-03
3.66000000e+00	-5.56065978e-03
3.67000000e+00	-5.65825899e-03
3.68000000e+00	-2.66812033e-03
3.69000000e+00	5.18849365e-04
3.70000000e+00	1.69203911e-03
3.71000000e+00	1.59237488e-03
3.72000000e+00	4.07255216e-04
3.73000000e+00	-1.63544141e-03
3.74000000e+00	-3.60564156e-03
3.75000000e+00	-4.25564047e-03
3.76000000e+00	-3.64574113e-03
3.77000000e+00	-3.88515656e-03
3.78000000e+00	-5.72629034e-03
3.79000000e+00	-7.19179706e-03
3.80000000e+00	-5.48667983e-03
3.81000000e+00	-2.36928601e-03
3.82000000e+00	-3.70680448e-04
3.83000000e+00	1.26874774e-03
3.84000000e+00	2.93472816e-03
3.85000000e+00	3.97239187e-03
3.86000000e+00	4.93922926e-03
3.87000000e+00	5.75139675e-03
3.88000000e+00	5.60077403e-03
3.89000000e+00	4.31137294e-03
3.90000000e+00	7.17150029e-04
3.91000000e+00	-4.28617844e-03
3.92000000e+00	-5.53351667e-03
3.93000000e+00	-3.18168842e-03
3.94000000e+00	-2.02274018e-03
3.95000000e+00	-2.42893982e-03
3.96000000e+00	5.22787901e-04
3.97000000e+00	4.35628844e-03
3.98000000e+00	5.51687380e-03
3.99000000e+00	5.21839607e-03
4.00000000e+00	2.07682819e-03
4.01000000e+00	-2.98093364e-03
4.02000000e+00	-4.78321589e-03
4.03000000e+00	-3.11290196e-03
4.04000000e+00	-1.28213943e-03
4.05000000e+00	-1.59884472e-03
4.06000000e+00	-2.01901287e-03
4.07000000e+00	2.91997412e-04
4.08000000e+00	4.48003024e-03
4.09000000e+00	7.69149208e-03
4.10000000e+00	4.70112898e-03
4.11000000e+00	-8.97011919e-04
4.12000000e+00	-3.23000612e-03
4.13000000e+00	-2.45611544e-03
4.14000000e+00	-1.50795657e-03
4.15000000e+00	-1.66165951e-03
4.16000000e+00	6.35982887e-04
4.17000000e+00	4.88369291e-03
4.18000000e+00	7.05782770e-03
4.19000000e+00	7.25121174e-03
4.20000000e+00	5.43519906e-03
4.21000000e+00	1.70087706e-03
4.22000000e+00	-3.87666471e-04
4.23000000e+00	-3.45160092e-05
4.24000000e+00	1.83121245e-03
4.25000000e+00	6.80254443e-03
4.26000000e+00	1.12825505e-02
4.27000000e+00	7.60953102e-03
4.28000000e+00	-2.08864358e-04
4.29000000e+00	-3.03313912e-03
4.30000000e+00	1.30357726e-03
4.31000000e+00	6.08546855e-03
4.32000000e+00	6.87899842e-03
4.33000000e+00	4.10086464e-03
4.34000000e+00	2.97347797e-05
4.35000000e+00	-2.94030760e-03
4.36000000e+00	-4.90258957e-03
4.37000000e+00	-5.87645369e-03
4.38000000e+00	-6.38985504e-03
4.39000000e+00	-7.58734857e-03
4.40000000e+00	-8.56583670e-03
4.41000000e+00	-6.71357237e-03
4.42000000e+00	-3.67774632e-03
4.43000000e+00	-1.91956364e-03
4.44000000e+00	-1.31848022e-03
4.45000000e+00	-5.48375483e-04
4.46000000e+00	8.73916625e-04
4.47000000e+00	1.26505504e-03
4.48000000e+00	4.10321388e-05
4.49000000e+00	-2.18182749e-03
4.50000000e+00	-4.64940803e-03
4.51000000e+00	-1.83764768e-03
4.52000000e+00	4.84919165e-03
4.53000000e+00	8.88633538e-03
4.54000000e+00	5.73083045e-03
4.55000000e+00	-3.13504875e-04
4.56000000e+00	-3.02321779e-03
4.57000000e+00	-1.66544975e-03
4.58000000e+00	2.76881339e-03
4.59000000e+00	6.60138798e-03
4.60000000e+00	6.16306150e-03
4.61000000e+00	1.50694346e-03
4.62000000e+00	-2.35942866e-03
4.63000000e+00	-3.00877314e-03
4.64000000e+00	-1.98347019e-03
4.65000000e+00	-1.87134033e-03
4.66000000e+00	-3.13933401e-03
4.67000000e+00	-3.96484285e-03
4.68000000e+00	-3.72664293e-03
4.69000000e+00	-2.67872859e-03
4.70000000e+00	-1.52183803e-04
4.71000000e+00	1.76691471e-03
4.72000000e+00	1.88457681e-03
4.73000000e+00	8.13795173e-04
4.74000000e+00	-3.54923683e-04
4.75000000e+00	-9.52409938e-04
4.76000000e+00	-1.88977239e-03
4.77000000e+00	-3.31252092e-03
4.78000000e+00	-4.80432335e-03
4.79000000e+00	-6.35146286e-03
4.80000000e+00	-7.96366152e-03
4.81000000e+00	-8.92497821e-03
4.82000000e+00	-5.74793058e-03
4.83000000e+00	-4.32456747e-04
4.84000000e+00	3.71134668e-03
4.85000000e+00	4.92992670e-03
4.86000000e+00	1.26018457e-03
4.87000000e+00	-3.01146847e-03
4.88000000e+00	-4.24996350e-03
4.89000000e+00	-3.71097961e-03
4.90000000e+00	-2.89810106e-03
4.91000000e+00	-9.01104518e-04
4.92000000e+00	1.96917236e-03
4.93000000e+00	4.64809078e-03
4.94000000e+00	6.24835868e-03
4.95000000e+00	6.32055258e-03
4.96000000e+00	3.49701458e-03
4.97000000e+00	4.50412983e-04
4.98000000e+00	1.07954827e-03
4.99000000e+00	4.55548685e-03
5.00000000e+00	5.67030616e-03
5.01000000e+00	1.78444168e-03
5.02000000e+00	-2.89407485e-03
5.03000000e+00	-3.79610270e-03
5.04000000e+00	-1.56193236e-04
5.05000000e+00	4.34089570e-03
5.06000000e+00	5.27741013e-03
5.07000000e+00	2.94893475e-04
5.08000000e+00	-5.75455878e-03
5.09000000e+00	-6.87781541e-03
5.10000000e+00	-2.15199954e-03
5.11000000e+00	2.41879091e-03
5.12000000e+00	3.26644654e-03
5.13000000e+00	1.09921577e-03
5.14000000e+00	-1.65246812e-03
5.15000000e+00	-2.61195157e-03
5.16000000e+00	-1.50004258e-03
5.17000000e+00	4.46872664e-04
5.18000000e+00	1.36448014e-03
5.19000000e+00	1.11490846e-03
5.20000000e+00	8.00584498e-04
5.21000000e+00	9.35316312e-04
5.22000000e+00	1.34918389e-03
5.23000000e+00	1.74460326e-03
5.24000000e+00	1.98020433e-03
5.25000000e+00	1.94830297e-03
5.26000000e+00	1.60254477e-03
5.27000000e+00	1.03459522e-03
5.28000000e+00	5.31682695e-04
5.29000000e+00	-6.91490082e-04
5.30000000e+00	-3.07728272e-03
5.31000000e+00	-5.39209058e-03
5.32000000e+00	-7.01836263e-03
5.33000000e+00	-7.76817994e-03
5.34000000e+00	-6.18613750e-03
5.35000000e+00	-3.88644235e-03
5.36000000e+00	-2.72256911e-03
5.37000000e+00	-1.16758063e-03
5.38000000e+00	1.39447904e-03
5.39000000e+00	2.40587221e-03
5.40000000e+00	3.69190046e-04
5.41000000e+00	-2.04194204e-03
5.42000000e+00	-3.63333213e-03
5.43000000e+00	-4.77477542e-03
5.44000000e+00	-5.37740786e-03
5.45000000e+00	-5.07886300e-03
5.46000000e+00	-4.92218786e-03
5.47000000e+00	-4.61519519e-03
5.48000000e+00	-3.37903576e-03
5.49000000e+00	-1.95896263e-03
5.50000000e+00	-3.88900134e-04
5.51000000e+00	1.47530744e-03
5.52000000e+00	2.85328310e-03
5.53000000e+00	3.47213156e-03
5.54000000e+00	3.93308412e-03
5.55000000e+00	2.64894993e-03
5.56000000e+00	-2.83867379e-04
5.57000000e+00	-1.57805818e-03
5.58000000e+00	-2.91046706e-04
5.59000000e+00	6.79887690e-04
5.60000000e+00	2.05914599e-04
5.61000000e+00	7.08468974e-04
5.62000000e+00	3.02694301e-03
5.63000000e+00	5.19712290e-03
5.64000000e+00	4.94263460e-03
5.65000000e+00	2.83580961e-03
5.66000000e+00	1.08962481e-03
5.67000000e+00	1.16060844e-04
5.68000000e+00	7.09814855e-04
5.69000000e+00	1.71228029e-03
5.70000000e+00	9.54858387e-04
5.71000000e+00	-8.82420019e-04
5.72000000e+00	-6.07457082e-04
5.73000000e+00	2.20031304e-03
5.74000000e+00	4.15365008e-03
5.75000000e+00	3.71850556e-03
5.76000000e+00	2.81295805e-03
5.77000000e+00	2.90938159e-03
5.78000000e+00	3.74703094e-03
5.79000000e+00	4.33237134e-03
5.80000000e+00	3.24471086e-03
5.81000000e+00	9.56993884e-04
5.82000000e+00	-7.70625765e-04
5.83000000e+00	-1.47288164e-03
5.84000000e+00	-1.07789751e-03
5.85000000e+00	-3.28707786e-04
5.86000000e+00	-2.73416217e-04
5.87000000e+00	-8.03441546e-04
5.88000000e+00	-1.22200005e-03
5.89000000e+00	-1.23898167e-03
5.90000000e+00	-1.07081414e-03
5.91000000e+00	-9.83750525e-04
5.92000000e+00	-1.01104864e-03
5.93000000e+00	-2.04338724e-04
5.94000000e+00	2.02528554e-03
5.95000000e+00	3.63844906e-03
5.96000000e+00	3.49683944e-03
5.97000000e+00	3.10370114e-03
5.98000000e+00	3.47949914e-03
5.99000000e+00	3.28369664e-03
6.00000000e+00	1.98251267e-03
6.01000000e+00	9.35509390e-04
6.02000000e+00	8.26226721e-04
6.03000000e+00	1.44679149e-03
6.04000000e+00	2.51849813e-03
6.05000000e+00	3.19333706e-03
6.06000000e+00	3.32902221e-03
6.07000000e+00	2.96173913e-03
6.08000000e+00	2.26361235e-03
6.09000000e+00	1.87256424e-03
6.10000000e+00	1.86885685e-03
6.11000000e+00	1.81912962e-03
6.12000000e+00	1.48470543e-03
6.13000000e+00	1.07076485e-03
6.14000000e+00	1.25575982e-03
6.15000000e+00	2.07182977e-03
6.16000000e+00	2.76361990e-03
6.17000000e+00	3.12397378e-03
6.18000000e+00	3.13853065e-03
6.19000000e+00	2.47398536e-03
6.20000000e+00	1.71442397e-03
6.21000000e+00	1.77745061e-03
6.22000000e+00	2.69817271e-03
6.23000000e+00	3.43437809e-03
6.24000000e+00	3.39825649e-03
6.25000000e+00	1.97169570e-03
6.26000000e+00	9.96360258e-07
6.27000000e+00	-1.19420041e-03
6.28000000e+00	-1.57042841e-03
6.29000000e+00	-1.83658003e-03
6.30000000e+00	-1.51592509e-03
6.31000000e+00	-7.58564747e-04
6.32000000e+00	-2.61461858e-04
6.33000000e+00	5.90819984e-04
6.34000000e+00	1.98891853e-03
6.35000000e+00	2.93734169e-03
6.36000000e+00	2.83692340e-03
6.37000000e+00	2.59531395e-03
6.38000000e+00	1.81011862e-03
6.39000000e+00	-1.36984773e-04
6.40000000e+00	-1.87184584e-03
6.41000000e+00	-2.54802404e-03
6.42000000e+00	-3.96859114e-03
6.43000000e+00	-6.15333839e-03
6.44000000e+00	-5.55903734e-03
6.45000000e+00	-2.19241688e-03
6.46000000e+00	3.31356444e-04
6.47000000e+00	8.30507783e-04
6.48000000e+00	-9.92954286e-04
6.49000000e+00	-4.43197054e-03
6.50000000e+00	-6.33896052e-03
6.51000000e+00	-5.07698676e-03
6.52000000e+00	-3.05797075e-03
6.53000000e+00	-2.07259222e-03
6.54000000e+00	-1.68022057e-03
6.55000000e+00	-1.25931199e-03
6.56000000e+00	-1.40101810e-03
6.57000000e+00	-3.20436064e-03
6.58000000e+00	-3.97564828e-03
6.59000000e+00	-2.32657502e-03
6.60000000e+00	-4.76200040e-04
6.61000000e+00	-5.79959908e-05
6.62000000e+00	-8.89218120e-04
6.63000000e+00	-1.60633081e-03
6.64000000e+00	-1.51805094e-03
6.65000000e+00	-1.16226653e-03
6.66000000e+00	-1.84191930e-03
6.67000000e+00	-3.48744669e-03
6.68000000e+00	-4.79793112e-03
6.69000000e+00	-4.68989774e-03
6.70000000e+00	-3.80037118e-03
6.71000000e+00	-3.49274506e-03
6.72000000e+00	-3.91415809e-03
6.73000000e+00	-4.37157316e-03
6.74000000e+00	-4.45243196e-03
6.75000000e+00	-4.33037868e-03
6.76000000e+00	-4.58845586e-03
6.77000000e+00	-5.30267909e-03
6.78000000e+00	-4.74456781e-03
6.79000000e+00	-1.95127622e-03
6.80000000e+00	7.68099707e-04
6.81000000e+00	9.72698106e-04
6.82000000e+00	-1.24918091e-03
6.83000000e+00	-2.83711952e-03
6.84000000e+00	-2.67098975e-03
6.85000000e+00	-2.01306427e-03
6.86000000e+00	-2.04568299e-03
6.87000000e+00	-2.70503059e-03
6.88000000e+00	-3.37838238e-03
6.89000000e+00	-2.74492880e-03
6.90000000e+00	-2.87277441e-04
6.91000000e+00	2.00006376e-03
6.92000000e+00	3.13864287e-03
6.93000000e+00	2.98534161e-03
6.94000000e+00	1.56497273e-03
6.95000000e+00	5.40574447e-04
6.96000000e+00	5.89795969e-04
6.97000000e+00	9.10465803e-04
6.98000000e+00	4.22798242e-04
6.99000000e+00	-1.20665450e-03
7.00000000e+00	-2.21435077e-03
7.01000000e+00	-1.63858980e-03
7.02000000e+00	-8.49063704e-04
7.03000000e+00	-6.07317806e-05
7.04000000e+00	1.32161498e-03
7.05000000e+00	2.44243848e-03
7.06000000e+00	2.34479208e-03
7.07000000e+00	1.90725742e-03
7.08000000e+00	1.92104974e-03
7.09000000e+00	1.59128836e-03
7.10000000e+00	8.24706010e-04
7.11000000e+00	1.58659094e-04
7.12000000e+00	-2.91300298e-04
7.13000000e+00	-7.33822890e-04
7.14000000e+00	-1.13455394e-03
7.15000000e+00	-1.48956541e-03
7.16000000e+00	-1.20258005e-03
7.17000000e+00	1.10117802e-03
7.18000000e+00	3.88198929e-03
7.19000000e+00	4.92067764e-03
7.20000000e+00	4.86276898e-03
7.21000000e+00	4.50707686e-03
7.22000000e+00	2.97248688e-03
7.23000000e+00	1.26378078e-03
7.24000000e+00	4.38631671e-04
7.25000000e+00	8.20718707e-04
7.26000000e+00	1.69427823e-03
7.27000000e+00	2.38718425e-03
7.28000000e+00	3.22008689e-03
7.29000000e+00	3.21508532e-03
7.30000000e+00	1.19712647e-03
7.31000000e+00	-1.00501625e-03
7.32000000e+00	-4.78022795e-04
7.33000000e+00	2.68729596e-03
7.34000000e+00	5.16296354e-03
7.35000000e+00	5.28185585e-03
7.36000000e+00	3.75517985e-03
7.37000000e+00	2.77605932e-03
7.38000000e+00	2.71128543e-03
7.39000000e+00	2.50211012e-03
7.40000000e+00	1.88452122e-03
7.41000000e+00	1.13771283e-03
7.42000000e+00	4.87803167e-04
7.43000000e+00	1.18101637e-04
7.44000000e+00	-1.27856943e-04
7.45000000e+00	-2.83686991e-04
7.46000000e+00	1.13460428e-04
7.47000000e+00	7.22773512e-04
7.48000000e+00	1.52817992e-03
7.49000000e+00	3.02837352e-03
7.50000000e+00	4.63637292e-03
7.51000000e+00	4.71111847e-03
7.52000000e+00	2.38543910e-03
7.53000000e+00	3.05364983e-04
7.54000000e+00	5.67194329e-05
7.55000000e+00	4.96638915e-04
7.56000000e+00	9.84021631e-04
7.57000000e+00	1.54799845e-03
7.58000000e+00	1.83528271e-03
7.59000000e+00	1.87435658e-03
7.60000000e+00	1.99005434e-03
7.61000000e+00	2.18013163e-03
7.62000000e+00	2.13267078e-03
7.63000000e+00	1.99204175e-03
7.64000000e+00	1.83030422e-03
7.65000000e+00	8.23259132e-04
7.66000000e+00	-6.90850755e-04
7.67000000e+00	-1.83797699e-03
7.68000000e+00	-2.44885588e-03
7.69000000e+00	-2.23358828e-03
7.70000000e+00	-1.72693994e-03
7.71000000e+00	-1.71219534e-03
7.72000000e+00	-1.85670690e-03
7.73000000e+00	-1.57399946e-03
7.74000000e+00	-1.14791103e-03
7.75000000e+00	-1.19527225e-03
7.76000000e+00	-1.51399222e-03
7.77000000e+00	-1.63139946e-03
7.78000000e+00	-1.51302630e-03
7.79000000e+00	-1.39547432e-03
7.80000000e+00	-1.40631332e-03
7.81000000e+00	-1.48900956e-03
7.82000000e+00	-1.51795970e-03
7.83000000e+00	-1.27042577e-03
7.84000000e+00	-8.61151256e-04
7.85000000e+00	-5.65106341e-04
7.86000000e+00	-3.25932751e-04
7.87000000e+00	2.43554180e-04
7.88000000e+00	1.02038361e-03
7.89000000e+00	1.51907978e-03
7.90000000e+00	5.13475803e-04
7.91000000e+00	-1.58776766e-03
7.92000000e+00	-3.02453189e-03
7.93000000e+00	-3.13615100e-03
7.94000000e+00	-2.83330201e-03
7.95000000e+00	-2.94728189e-03
7.96000000e+00	-3.56176539e-03
7.97000000e+00	-3.70605985e-03
7.98000000e+00	-2.56883156e-03
7.99000000e+00	-1.30039425e-03
8.00000000e+00	-1.36523945e-03
8.01000000e+00	-2.24655313e-03
8.02000000e+00	-2.63458813e-03
8.03000000e+00	-2.33268722e-03
8.04000000e+00	-1.95529404e-03
8.05000000e+00	-1.90002513e-03
8.06000000e+00	-2.05543127e-03
8.07000000e+00	-1.72438200e-03
8.08000000e+00	-5.49248266e-04
8.09000000e+00	6.14921464e-04
8.10000000e+00	1.21859680e-03
8.11000000e+00	8.11567804e-04
8.12000000e+00	-2.48156689e-04
8.13000000e+00	-8.46969633e-04
8.14000000e+00	-8.23014560e-04
8.15000000e+00	-7.71198601e-04
8.16000000e+00	-1.07459809e-03
8.17000000e+00	-1.71914237e-03
8.18000000e+00	-2.40039136e-03
8.19000000e+00	-2.36996876e-03
8.20000000e+00	-1.64063280e-03
8.21000000e+00	-1.09873754e-03
8.22000000e+00	-1.07095153e-03
8.23000000e+00	-1.28014783e-03
8.24000000e+00	-5.27423132e-04
8.25000000e+00	1.23545886e-03
8.26000000e+00	2.63280313e-03
8.27000000e+00	2.75948357e-03
8.28000000e+00	2.33927662e-03
8.29000000e+00	1.50498646e-03
8.30000000e+00	5.31978132e-04
8.31000000e+00	-6.88241530e-05
8.32000000e+00	-4.15754835e-04
8.33000000e+00	-5.15069508e-04
8.34000000e+00	-2.40308564e-04
8.35000000e+00	3.74816361e-05
8.36000000e+00	8.62220263e-04
8.37000000e+00	2.06003115e-03
8.38000000e+00	2.93180945e-03
8.39000000e+00	2.64667516e-03
8.40000000e+00	1.51376149e-03
8.41000000e+00	8.54490963e-04
8.42000000e+00	6.62187982e-04
8.43000000e+00	2.97095778e-05
8.44000000e+00	-1.00466806e-03
8.45000000e+00	-1.81210079e-03
8.46000000e+00	-1.15309508e-03
8.47000000e+00	3.60082144e-04
8.48000000e+00	1.23071110e-03
8.49000000e+00	1.37821164e-03
8.50000000e+00	1.59783895e-03
8.51000000e+00	2.22060456e-03
8.52000000e+00	2.42975575e-03
8.53000000e+00	1.75209669e-03
8.54000000e+00	1.08284768e-03
8.55000000e+00	9.21366152e-04
8.56000000e+00	9.50739149e-04
8.57000000e+00	7.76869174e-04
8.58000000e+00	3.57923469e-04
8.59000000e+00	-2.34579890e-04
8.60000000e+00	-7.69927602e-04
8.61000000e+00	-8.12388359e-04
8.62000000e+00	-4.98377664e-04
8.63000000e+00	-3.61449000e-04
8.64000000e+00	-5.07501718e-04
8.65000000e+00	-6.84806926e-04
8.66000000e+00	-7.20250181e-04
8.67000000e+00	-6.57222285e-04
8.68000000e+00	-6.05782098e-04
8.69000000e+00	-6.04173711e-04
8.70000000e+00	-6.21580708e-04
8.71000000e+00	-6.25083587e-04
8.72000000e+00	-6.12381353e-04
8.73000000e+00	-5.96656891e-04
8.74000000e+00	-4.79693479e-04
8.75000000e+00	-5.02184265e-05
8.76000000e+00	4.67823546e-04
8.77000000e+00	8.20254942e-04
8.78000000e+00	1.05656037e-03
8.79000000e+00	1.33569886e-03
8.80000000e+00	1.59947293e-03
8.81000000e+00	1.57986835e-03
8.82000000e+00	1.44948262e-03
8.83000000e+00	1.46155392e-03
8.84000000e+00	1.60930092e-03
8.85000000e+00	1.94602295e-03
8.86000000e+00	2.42420883e-03
8.87000000e+00	2.79646830e-03
8.88000000e+00	2.50659884e-03
8.89000000e+00	1.22898483e-03
8.90000000e+00	4.13744245e-05
8.91000000e+00	-4.79999299e-04
8.92000000e+00	-7.67409515e-04
8.93000000e+00	-1.32014251e-03
8.94000000e+00	-2.14212540e-03
8.95000000e+00	-2.10780978e-03
8.96000000e+00	-5.33449236e-04
8.97000000e+00	1.00702747e-03
8.98000000e+00	1.47877780e-03
8.99000000e+00	4.61884070e-04
9.00000000e+00	-9.32188263e-04
9.01000000e+00	-1.44222306e-03
9.02000000e+00	-1.28255684e-03
9.03000000e+00	-1.33646341e-03
9.04000000e+00	-1.93682842e-03
9.05000000e+00	-2.72016429e-03
9.06000000e+00	-3.34160425e-03
9.07000000e+00	-3.80442781e-03
9.08000000e+00	-4.06604247e-03
9.09000000e+00	-3.13636705e-03
9.10000000e+00	-1.61402036e-03
9.11000000e+00	-6.77911395e-04
9.12000000e+00	-4.61241386e-04
9.13000000e+00	-7.57245504e-04
9.14000000e+00	-9.07592499e-04
9.15000000e+00	-5.77116179e-04
9.16000000e+00	-6.98952996e-05
9.17000000e+00	2.58539682e-04
9.18000000e+00	3.84936743e-04
9.19000000e+00	5.10314928e-04
9.20000000e+00	8.31931483e-04
9.21000000e+00	1.25241636e-03
9.22000000e+00	1.60011897e-03
9.23000000e+00	1.49722455e-03
9.24000000e+00	6.87826533e-04
9.25000000e+00	-1.09060016e-04
9.26000000e+00	-4.60317319e-04
9.27000000e+00	-6.28078023e-04
9.28000000e+00	-9.61734621e-04
9.29000000e+00	-1.29480118e-03
9.30000000e+00	-1.19521142e-03
9.31000000e+00	-5.80140086e-04
9.32000000e+00	6.80133520e-04
9.33000000e+00	1.92261450e-03
9.34000000e+00	2.73874737e-03
9.35000000e+00	3.40209707e-03
9.36000000e+00	4.11859613e-03
9.37000000e+00	3.83622849e-03
9.38000000e+00	2.60080528e-03
9.39000000e+00	1.73955660e-03
9.40000000e+00	1.57976872e-03
9.41000000e+00	1.53296859e-03
9.42000000e+00	1.53837288e-03
9.43000000e+00	1.71788175e-03
9.44000000e+00	1.79463359e-03
9.45000000e+00	1.69500292e-03
9.46000000e+00	1.59351280e-03
9.47000000e+00	1.60898314e-03
9.48000000e+00	1.51938078e-03
9.49000000e+00	9.94138447e-04
9.50000000e+00	4.37095334e-04
9.51000000e+00	4.13836851e-04
9.52000000e+00	6.57678708e-04
9.53000000e+00	6.82845000e-04
9.54000000e+00	4.58618738e-04
9.55000000e+00	2.27510473e-04
9.56000000e+00	1.22544629e-04
9.57000000e+00	9.10951906e-05
9.58000000e+00	1.15139608e-04
9.59000000e+00	2.17591350e-04
9.60000000e+00	2.98855712e-04
9.61000000e+00	3.17802823e-04
9.62000000e+00	3.22969988e-04
9.63000000e+00	3.57820585e-04
9.64000000e+00	2.83739534e-04
9.65000000e+00	-4.83059389e-05
9.66000000e+00	-4.03714267e-04
9.67000000e+00	-5.85370701e-04
9.68000000e+00	-4.71058360e-04
9.69000000e+00	-2.26400669e-04
9.70000000e+00	-1.35890805e-04
9.71000000e+00	-2.00509365e-04
9.72000000e+00	-2.51359096e-04
9.73000000e+00	8.23635535e-05
9.74000000e+00	1.07799085e-03
9.75000000e+00	1.29282321e-03
9.76000000e+00	6.29416353e-04
9.77000000e+00	1.42618534e-04
9.78000000e+00	2.07297292e-04
9.79000000e+00	4.29596552e-04
9.80000000e+00	4.40026844e-04
9.81000000e+00	2.71847158e-04
9.82000000e+00	2.20920028e-04
9.83000000e+00	3.34927702e-04
9.84000000e+00	4.41518924e-04
9.85000000e+00	4.64496651e-04
9.86000000e+00	4.27170966e-04
9.87000000e+00	1.94670255e-04
9.88000000e+00	-1.51367339e-04
9.89000000e+00	-3.98139447e-04
9.90000000e+00	-4.96903728e-04
9.91000000e+00	-3.59202229e-04
9.92000000e+00	-1.69065684e-04
9.93000000e+00	-1.33764222e-04
9.94000000e+00	-2.29264010e-04
9.95000000e+00	-3.91056187e-04
9.96000000e+00	-5.12523209e-04
9.97000000e+00	-5.53440288e-04
9.98000000e+00	-5.72494267e-04
9.99000000e+00	-6.26316621e-04
1.00000000e+01	-7.13715845e-04
1.00100000e+01	-8.04808193e-04
1.00200000e+01	-8.83539996e-04
1.00300000e+01	-9.41657675e-04
1.00400000e+01	-9.06247247e-04
1.00500000e+01	-8.14372519e-04
1.00600000e+01	-7.65827766e-04
1.00700000e+01	-7.68622832e-04
1.00800000e+01	-7.69856915e-04
1.00900000e+01	-7.41156491e-04
1.01000000e+01	-6.96140101e-04
1.01100000e+01	-6.89409121e-04
1.01200000e+01	-9.26608408e-04
1.01300000e+01	-1.31700041e-03
1.01400000e+01	-1.60440947e-03
1.01500000e+01	-1.62222381e-03
1.01600000e+01	-1.07312877e-03
1.01700000e+01	-3.80004816e-04
1.01800000e+01	-9.75213990e-05
1.01900000e+01	-3.63755971e-04
1.02000000e+01	-6.71797929e-04
1.02100000e+01	-6.43069188e-04
1.02200000e+01	-4.34840067e-04
1.02300000e+01	-4.26087486e-04
1.02400000e+01	-6.41656501e-04
1.02500000e+01	-8.50678908e-04
1.02600000e+01	-9.52242765e-04
1.02700000e+01	-1.01422777e-03
1.02800000e+01	-1.11447008e-03
1.02900000e+01	-1.25293864e-03
1.03000000e+01	-1.08547589e-03
1.03100000e+01	-4.01066553e-04
1.03200000e+01	2.55960347e-04
1.03300000e+01	5.95920552e-04
1.03400000e+01	8.06140860e-04
1.03500000e+01	8.76707391e-04
1.03600000e+01	7.41826233e-04
1.03700000e+01	6.81646260e-04
1.03800000e+01	7.70490055e-04
1.03900000e+01	6.92437223e-04
1.04000000e+01	3.63147582e-04
1.04100000e+01	3.18444353e-05
1.04200000e+01	-1.69813978e-04
1.04300000e+01	-1.73414916e-04
1.04400000e+01	-2.79247565e-05
1.04500000e+01	3.08589309e-05
1.04600000e+01	-4.79514874e-05
1.04700000e+01	-1.42148896e-04
1.04800000e+01	-1.65460551e-04
1.04900000e+01	-1.39023259e-04
1.05000000e+01	-1.18532156e-04
1.05100000e+01	-1.24254642e-04
1.05200000e+01	-1.41142186e-04
1.05300000e+01	-1.64289813e-04
1.05400000e+01	-3.12882223e-04
1.05500000e+01	-5.96924221e-04
1.05600000e+01	-8.44300209e-04
1.05700000e+01	-9.98487680e-04
1.05800000e+01	-1.13480879e-03
1.05900000e+01	-1.20128063e-03
1.06000000e+01	-9.60874318e-04
1.06100000e+01	-6.25395595e-04
1.06200000e+01	-4.57421781e-04
1.06300000e+01	-4.10154949e-04
1.06400000e+01	-3.62557126e-04
1.06500000e+01	-7.00898247e-04
1.06600000e+01	-1.49685223e-03
1.06700000e+01	-2.17140380e-03
1.06800000e+01	-2.52707180e-03
1.06900000e+01	-2.82309542e-03
1.07000000e+01	-3.27506844e-03
1.07100000e+01	-3.46189141e-03
1.07200000e+01	-2.89611785e-03
1.07300000e+01	-2.23794486e-03
1.07400000e+01	-1.99808160e-03
1.07500000e+01	-1.97361074e-03
1.07600000e+01	-1.80668916e-03
1.07700000e+01	-1.43754662e-03
1.07800000e+01	-1.02192970e-03
1.07900000e+01	-6.74179781e-04
1.08000000e+01	-3.86934642e-04
1.08100000e+01	-1.08414186e-04
1.08200000e+01	1.94571671e-04
1.08300000e+01	5.15346277e-04
1.08400000e+01	8.32952561e-04
1.08500000e+01	1.13962892e-03
1.08600000e+01	1.34144085e-03
1.08700000e+01	9.18088968e-04
1.08800000e+01	1.85368016e-04
1.08900000e+01	-1.12709197e-04
1.09000000e+01	7.39998968e-04
1.09100000e+01	1.97838997e-03
1.09200000e+01	2.61417076e-03
1.09300000e+01	2.30469986e-03
1.09400000e+01	1.22943370e-03
1.09500000e+01	4.36832932e-04
1.09600000e+01	2.92186505e-04
1.09700000e+01	3.04742541e-04
1.09800000e+01	3.20130769e-05
1.09900000e+01	-4.92949042e-04
1.10000000e+01	-1.02388439e-03
1.10100000e+01	-1.13211766e-03
1.10200000e+01	-2.55801773e-04
1.10300000e+01	8.54729032e-04
1.10400000e+01	1.43381616e-03
1.10500000e+01	1.65667053e-03
1.10600000e+01	1.68063273e-03
1.10700000e+01	1.19527854e-03
1.10800000e+01	6.75457598e-04
1.10900000e+01	5.22479564e-04
1.11000000e+01	5.84308091e-04
1.11100000e+01	8.06018889e-04
1.11200000e+01	1.03476166e-03
1.11300000e+01	1.09178107e-03
1.11400000e+01	1.04721649e-03
1.11500000e+01	1.05596362e-03
1.11600000e+01	1.15833681e-03
1.11700000e+01	1.29207125e-03
1.11800000e+01	1.40038150e-03
1.11900000e+01	1.38501813e-03
1.12000000e+01	1.14159116e-03
1.12100000e+01	8.73092400e-04
1.12200000e+01	7.39012604e-04
1.12300000e+01	6.76038299e-04
1.12400000e+01	5.69505809e-04
1.12500000e+01	3.98327596e-04
1.12600000e+01	2.11816530e-04
1.12700000e+01	9.72546244e-05
1.12800000e+01	1.18407457e-04
1.12900000e+01	1.58339430e-04
1.13000000e+01	1.24123441e-04
1.13100000e+01	4.88397922e-05
1.13200000e+01	-3.15125848e-06
1.13300000e+01	-1.90489350e-05
1.13400000e+01	-8.53893271e-05
1.13500000e+01	-3.41210020e-04
1.13600000e+01	-6.55610017e-04
1.13700000e+01	-8.73766966e-04
1.13800000e+01	-1.02016211e-03
1.13900000e+01	-1.18758584e-03
1.14000000e+01	-1.40115654e-03
1.14100000e+01	-1.62965851e-03
1.14200000e+01	-1.84635034e-03
1.14300000e+01	-2.04991161e-03
1.14400000e+01	-2.24626367e-03
1.14500000e+01	-1.95880426e-03
1.14600000e+01	-7.44112018e-04
1.14700000e+01	5.14056924e-04
1.14800000e+01	1.22235033e-03
1.14900000e+01	1.67535744e-03
1.15000000e+01	1.72080361e-03
1.15100000e+01	1.04029107e-03
1.15200000e+01	4.81773497e-04
1.15300000e+01	4.48840463e-04
1.15400000e+01	5.61792765e-04
1.15500000e+01	4.30977148e-04
1.15600000e+01	7.27607274e-05
1.15700000e+01	-2.99251412e-04
1.15800000e+01	-5.75323523e-04
1.15900000e+01	-7.96344233e-04
1.16000000e+01	-1.03285626e-03
1.16100000e+01	-1.29878964e-03
1.16200000e+01	-1.30996319e-03
1.16300000e+01	-8.08878454e-04
1.16400000e+01	-2.74898647e-04
1.16500000e+01	-3.78734551e-05
1.16600000e+01	6.08864736e-05
1.16700000e+01	2.66804272e-04
1.16800000e+01	6.07926510e-04
1.16900000e+01	5.52163835e-04
1.17000000e+01	-2.37681405e-04
1.17100000e+01	-1.01339977e-03
1.17200000e+01	-1.35498357e-03
1.17300000e+01	-1.52844316e-03
1.17400000e+01	-1.86964448e-03
1.17500000e+01	-2.25132816e-03
1.17600000e+01	-1.60747292e-03
1.17700000e+01	-2.16596490e-04
1.17800000e+01	7.72519627e-04
1.17900000e+01	1.15409455e-03
1.18000000e+01	1.25268694e-03
1.18100000e+01	1.46010033e-03
1.18200000e+01	1.96860079e-03
1.18300000e+01	2.60361703e-03
1.18400000e+01	3.08154805e-03
1.18500000e+01	2.91388394e-03
1.18600000e+01	2.29585142e-03
1.18700000e+01	1.91405867e-03
1.18800000e+01	1.89022965e-03
1.18900000e+01	1.89278235e-03
1.19000000e+01	1.70550527e-03
1.19100000e+01	1.39394313e-03
1.19200000e+01	1.12550309e-03
1.19300000e+01	1.33642670e-03
1.19400000e+01	2.10071698e-03
1.19500000e+01	2.75519831e-03
1.19600000e+01	3.04018473e-03
1.19700000e+01	3.23088184e-03
1.19800000e+01	3.58791742e-03
1.19900000e+01	4.09363550e-03
1.20000000e+01	4.51503385e-03
1.20100000e+01	4.23262111e-03
1.20200000e+01	3.50574871e-03
1.20300000e+01	3.06635248e-03
1.20400000e+01	2.99554820e-03
1.20500000e+01	2.92431392e-03
1.20600000e+01	2.62963901e-03
1.20700000e+01	2.12234987e-03
1.20800000e+01	1.58851438e-03
1.20900000e+01	1.16498074e-03
1.21000000e+01	8.12219717e-04
1.21100000e+01	4.37332145e-04
1.21200000e+01	1.36021796e-05
1.21300000e+01	-3.59615128e-04
1.21400000e+01	-2.99699759e-04
1.21500000e+01	-1.64622587e-05
1.21600000e+01	6.90752171e-05
1.21700000e+01	-4.84168878e-05
1.21800000e+01	-1.42528445e-04
1.21900000e+01	-1.07589437e-04
1.22000000e+01	-1.34649276e-05
1.22100000e+01	-2.94683931e-05
1.22200000e+01	-1.96193903e-04
1.22300000e+01	-3.52763121e-04
1.22400000e+01	-4.22009150e-04
1.22500000e+01	-4.60158641e-04
1.22600000e+01	-5.31560199e-04
1.22700000e+01	-6.38160334e-04
1.22800000e+01	-7.27959030e-04
1.22900000e+01	-6.76534366e-04
1.23000000e+01	-5.53009455e-04
1.23100000e+01	-4.91713386e-04
1.23200000e+01	-4.95171062e-04
1.23300000e+01	-5.20910086e-04
1.23400000e+01	-6.22836081e-04
1.23500000e+01	-7.49824751e-04
1.23600000e+01	-8.25646858e-04
1.23700000e+01	-8.65159744e-04
1.23800000e+01	-9.19240094e-04
1.23900000e+01	-1.00353822e-03
1.24000000e+01	-1.09858022e-03
1.24100000e+01	-1.23589829e-03
1.24200000e+01	-1.72243025e-03
1.24300000e+01	-2.43803786e-03
1.24400000e+01	-3.00432847e-03
1.24500000e+01	-3.50854681e-03
1.24600000e+01	-4.53664053e-03
1.24700000e+01	-5.87239392e-03
1.24800000e+01	-6.19174525e-03
1.24900000e+01	-4.37422863e-03
1.25000000e+01	-2.26486248e-03
1.25100000e+01	-1.37080630e-03
1.25200000e+01	-1.16299123e-03
1.25300000e+01	-5.93361878e-04
1.25400000e+01	2.64656189e-04
1.25500000e+01	-5.76958445e-04
1.25600000e+01	-2.52506655e-03
1.25700000e+01	-3.75401887e-03
1.25800000e+01	-3.85445289e-03
1.25900000e+01	-2.20086783e-03
1.26000000e+01	7.56423901e-05
1.26100000e+01	1.29095116e-03
1.26200000e+01	1.14177679e-03
1.26300000e+01	-7.53151856e-04
1.26400000e+01	-2.77940068e-03
1.26500000e+01	-3.55655722e-03
1.26600000e+01	-3.36078723e-03
1.26700000e+01	-1.73334790e-03
1.26800000e+01	1.87424646e-04
1.26900000e+01	1.07510989e-03
1.27000000e+01	1.25106450e-03
1.27100000e+01	9.71007075e-04
1.27200000e+01	2.95938570e-04
1.27300000e+01	-2.56829459e-05
1.27400000e+01	1.31461237e-04
1.27500000e+01	2.96161538e-04
1.27600000e+01	1.66806642e-04
1.27700000e+01	-1.52423971e-04
1.27800000e+01	-4.44430298e-04
1.27900000e+01	-6.16966663e-04
1.28000000e+01	-5.69965903e-04
1.28100000e+01	-4.00857429e-04
1.28200000e+01	-3.30699183e-04
1.28300000e+01	-3.78042470e-04
1.28400000e+01	-4.23284764e-04
1.28500000e+01	-4.00953916e-04
1.28600000e+01	-4.18951578e-04
1.28700000e+01	-5.75647907e-04
1.28800000e+01	-7.46400111e-04
1.28900000e+01	-8.44382747e-04
1.29000000e+01	-9.08112477e-04
1.29100000e+01	-9.98617307e-04
1.29200000e+01	-1.12148947e-03
1.29300000e+01	-9.82417859e-04
1.29400000e+01	-2.07061740e-04
1.29500000e+01	6.77527023e-04
1.29600000e+01	1.20524811e-03
1.29700000e+01	1.22620770e-03
1.29800000e+01	8.69707612e-04
1.29900000e+01	7.25875132e-04
1.30000000e+01	9.34933198e-04
1.30100000e+01	1.19403680e-03
1.30200000e+01	1.27823802e-03
1.30300000e+01	1.23195179e-03
1.30400000e+01	1.19385327e-03
1.30500000e+01	1.21795181e-03
1.30600000e+01	1.26881381e-03
1.30700000e+01	1.30401249e-03
1.30800000e+01	1.31869836e-03
1.30900000e+01	1.32984570e-03
1.31000000e+01	1.34816449e-03
1.31100000e+01	1.37109052e-03
1.31200000e+01	1.39254932e-03
1.31300000e+01	1.41063319e-03
1.31400000e+01	1.42514811e-03
1.31500000e+01	1.24485371e-03
1.31600000e+01	7.50319559e-04
1.31700000e+01	2.78263298e-04
1.31800000e+01	2.08806571e-06
1.31900000e+01	-2.06814965e-04
1.32000000e+01	-4.96800005e-04
1.32100000e+01	-8.71311071e-04
1.32200000e+01	-1.25553539e-03
1.32300000e+01	-1.52186320e-03
1.32400000e+01	-8.14077292e-04
1.32500000e+01	8.63983867e-04
1.32600000e+01	2.19207183e-03
1.32700000e+01	2.00131389e-03
1.32800000e+01	6.32590548e-04
1.32900000e+01	-2.09397656e-04
1.33000000e+01	-8.43855637e-05
1.33100000e+01	2.15631835e-04
1.33200000e+01	7.44975677e-05
1.33300000e+01	-2.94740879e-04
1.33400000e+01	1.81719464e-04
1.33500000e+01	1.35365793e-03
1.33600000e+01	2.24339319e-03
1.33700000e+01	2.64427978e-03
1.33800000e+01	2.73350774e-03
1.33900000e+01	2.29097361e-03
1.34000000e+01	1.80325025e-03
1.34100000e+01	1.71007789e-03
1.34200000e+01	1.81856538e-03
1.34300000e+01	1.78593932e-03
1.34400000e+01	1.56236759e-03
1.34500000e+01	1.29356154e-03
1.34600000e+01	1.08231281e-03
1.34700000e+01	9.19783145e-04
1.34800000e+01	7.54546086e-04
1.34900000e+01	4.13921697e-04
1.35000000e+01	-2.28885090e-04
1.35100000e+01	-8.80144197e-04
1.35200000e+01	-1.35115138e-03
1.35300000e+01	-1.74272702e-03
1.35400000e+01	-2.20024382e-03
1.35500000e+01	-2.72527178e-03
1.35600000e+01	-3.23092484e-03
1.35700000e+01	-3.70202001e-03
1.35800000e+01	-4.17150742e-03
1.35900000e+01	-4.65520981e-03
1.36000000e+01	-5.14440458e-03
1.36100000e+01	-5.46178947e-03
1.36200000e+01	-3.90806056e-03
1.36300000e+01	-4.45892382e-04
1.36400000e+01	2.44164247e-03
1.36500000e+01	3.67196867e-03
1.36600000e+01	2.48837443e-03
1.36700000e+01	5.77328869e-04
1.36800000e+01	1.20499536e-04
1.36900000e+01	8.17059143e-04
1.37000000e+01	1.24617305e-03
1.37100000e+01	8.69411965e-04
1.37200000e+01	1.50384016e-04
1.37300000e+01	-3.87207740e-04
1.37400000e+01	-6.79681188e-04
1.37500000e+01	-9.32984591e-04
1.37600000e+01	-1.27698894e-03
1.37700000e+01	-1.46288271e-03
1.37800000e+01	-1.12258123e-03
1.37900000e+01	-6.64598675e-04
1.38000000e+01	-4.85097875e-04
1.38100000e+01	-4.80258345e-04
1.38200000e+01	-3.16915672e-04
1.38300000e+01	1.39834584e-04
1.38400000e+01	6.47481766e-04
1.38500000e+01	1.02424831e-03
1.38600000e+01	1.31953318e-03
1.38700000e+01	1.62013362e-03
1.38800000e+01	1.79841544e-03
1.38900000e+01	1.87777766e-03
1.39000000e+01	2.01692897e-03
1.39100000e+01	2.23706914e-03
1.39200000e+01	2.45517260e-03
1.39300000e+01	2.59482837e-03
1.39400000e+01	2.18790509e-03
1.39500000e+01	1.12471023e-03
1.39600000e+01	1.93863964e-04
1.39700000e+01	-2.92510679e-04
1.39800000e+01	-6.66670093e-04
1.39900000e+01	-1.24287573e-03
1.40000000e+01	-1.99862486e-03
1.40100000e+01	-2.75992615e-03
1.40200000e+01	-3.44312060e-03
1.40300000e+01	-4.08492760e-03
1.40400000e+01	-4.62550876e-03
1.40500000e+01	-3.06674787e-03
1.40600000e+01	1.04067460e-03
1.40700000e+01	2.76405409e-03
1.40800000e+01	7.27021119e-04
1.40900000e+01	-1.20443951e-03
1.41000000e+01	-9.39571994e-04
1.41100000e+01	3.48328204e-04
1.41200000e+01	1.21014060e-03
1.41300000e+01	1.32977438e-03
1.41400000e+01	1.18995081e-03
1.41500000e+01	1.24023599e-03
1.41600000e+01	1.36046127e-03
1.41700000e+01	1.34558767e-03
1.41800000e+01	1.29738954e-03
1.41900000e+01	1.31349334e-03
1.42000000e+01	1.36214979e-03
1.42100000e+01	1.38248641e-03
1.42200000e+01	1.36644553e-03
1.42300000e+01	1.34300561e-03
1.42400000e+01	1.33230400e-03
1.42500000e+01	1.33149331e-03
1.42600000e+01	1.32990233e-03
1.42700000e+01	1.32359505e-03
1.42800000e+01	1.22133093e-03
1.42900000e+01	5.30323389e-04
1.43000000e+01	-4.52699817e-04
1.43100000e+01	-1.15509193e-03
1.43200000e+01	-1.57903773e-03
1.43300000e+01	-1.84668804e-03
1.43400000e+01	-1.51380239e-03
1.43500000e+01	-9.64813588e-04
1.43600000e+01	-7.73034151e-04
1.43700000e+01	-8.54273868e-04
1.43800000e+01	-1.00215333e-03
1.43900000e+01	-1.40203855e-03
1.44000000e+01	-1.84859365e-03
1.44100000e+01	-2.10008457e-03
1.44200000e+01	-2.24200043e-03
1.44300000e+01	-2.45549981e-03
1.44400000e+01	-2.77647673e-03
1.44500000e+01	-2.85810008e-03
1.44600000e+01	-2.10981083e-03
1.44700000e+01	-1.11168036e-03
1.44800000e+01	-5.46863477e-04
1.44900000e+01	-4.43608485e-04
1.45000000e+01	-4.31177986e-04
1.45100000e+01	-1.50573004e-04
1.45200000e+01	3.43712585e-04
1.45300000e+01	8.10933721e-04
1.45400000e+01	1.14763520e-03
1.45500000e+01	1.07436002e-03
1.45600000e+01	3.58412718e-04
1.45700000e+01	-3.47972777e-04
1.45800000e+01	-6.48825235e-04
1.45900000e+01	-7.83892340e-04
1.46000000e+01	-1.07429919e-03
1.46100000e+01	-1.54743422e-03
1.46200000e+01	-2.05053982e-03
1.46300000e+01	-2.48682855e-03
1.46400000e+01	-2.86859298e-03
1.46500000e+01	-2.42245844e-03
1.46600000e+01	-6.38715551e-05
1.46700000e+01	2.43397704e-03
1.46800000e+01	2.67635314e-03
1.46900000e+01	1.55364815e-03
1.47000000e+01	1.27645407e-03
1.47100000e+01	2.17659100e-03
1.47200000e+01	3.21305596e-03
1.47300000e+01	3.70784380e-03
1.47400000e+01	3.83659765e-03
1.47500000e+01	4.01992718e-03
1.47600000e+01	4.14573190e-03
1.47700000e+01	3.59822154e-03
1.47800000e+01	2.79206348e-03
1.47900000e+01	2.32403490e-03
1.48000000e+01	2.12809711e-03
1.48100000e+01	1.85409233e-03
1.48200000e+01	1.38083984e-03
1.48300000e+01	1.04399772e-03
1.48400000e+01	1.16744954e-03
1.48500000e+01	1.37028926e-03
1.48600000e+01	1.33680426e-03
1.48700000e+01	1.16886852e-03
1.48800000e+01	1.07520008e-03
1.48900000e+01	1.17934359e-03
1.49000000e+01	1.46929381e-03
1.49100000e+01	1.72937413e-03
1.49200000e+01	1.86480442e-03
1.49300000e+01	1.95916609e-03
1.49400000e+01	2.09784965e-03
1.49500000e+01	1.83741275e-03
1.49600000e+01	7.25921278e-04
1.49700000e+01	-4.44232815e-04
1.49800000e+01	-1.11785549e-03
1.49900000e+01	-1.55812638e-03
1.50000000e+01	-2.17652283e-03
1.50100000e+01	-3.02840604e-03
1.50200000e+01	-3.92806892e-03
1.50300000e+01	-4.74486356e-03
1.50400000e+01	-4.99142319e-03
1.50500000e+01	-3.19723638e-03
1.50600000e+01	-6.41426611e-04
1.50700000e+01	8.62292732e-04
1.50800000e+01	8.09376093e-04
1.50900000e+01	-1.58724118e-04
1.51000000e+01	-4.34353860e-04
1.51100000e+01	2.46303939e-04
1.51200000e+01	1.02650588e-03
1.51300000e+01	1.33019284e-03
1.51400000e+01	1.22471111e-03
1.51500000e+01	1.00547162e-03
1.51600000e+01	9.46737793e-04
1.51700000e+01	1.04424293e-03
1.51800000e+01	1.13880040e-03
1.51900000e+01	1.14839975e-03
1.52000000e+01	1.11035367e-03
1.52100000e+01	1.08499975e-03
1.52200000e+01	1.05435062e-03
1.52300000e+01	8.98720044e-04
1.52400000e+01	6.82750087e-04
1.52500000e+01	5.25579926e-04
1.52600000e+01	4.24358386e-04
1.52700000e+01	3.13398635e-04
1.52800000e+01	1.64678801e-04
1.52900000e+01	3.52292854e-07
1.53000000e+01	-1.43838458e-04
1.53100000e+01	-2.68484080e-04
1.53200000e+01	-3.96268659e-04
1.53300000e+01	-5.35101252e-04
1.53400000e+01	-6.77095036e-04
1.53500000e+01	-8.14970421e-04
1.53600000e+01	-9.49090175e-04
1.53700000e+01	-1.06774860e-03
1.53800000e+01	-1.07758707e-03
1.53900000e+01	-1.01742713e-03
1.54000000e+01	-1.00458751e-03
1.54100000e+01	-1.05116132e-03
1.54200000e+01	-1.09665888e-03
1.54300000e+01	-1.10723044e-03
1.54400000e+01	-1.09782616e-03
1.54500000e+01	-1.09374227e-03
1.54600000e+01	-1.10151572e-03
1.54700000e+01	-1.11292210e-03
1.54800000e+01	-1.12086860e-03
1.54900000e+01	-1.12557651e-03
1.55000000e+01	-1.13038824e-03
1.55100000e+01	-1.13687696e-03
1.55200000e+01	-1.16287796e-03
1.55300000e+01	-1.39693001e-03
1.55400000e+01	-1.84354279e-03
1.55500000e+01	-2.22631194e-03
1.55600000e+01	-2.45859262e-03
1.55700000e+01	-2.66387807e-03
1.55800000e+01	-2.94339307e-03
1.55900000e+01	-3.25341143e-03
1.56000000e+01	-3.24755931e-03
1.56100000e+01	-2.89335225e-03
1.56200000e+01	-2.62280210e-03
1.56300000e+01	-2.58591595e-03
1.56400000e+01	-2.59917236e-03
1.56500000e+01	-2.50242475e-03
1.56600000e+01	-2.31566156e-03
1.56700000e+01	-2.14061833e-03
1.56800000e+01	-2.01610674e-03
1.56900000e+01	-1.90815306e-03
1.57000000e+01	-1.78474268e-03
1.57100000e+01	-1.64706593e-03
1.57200000e+01	-1.51032363e-03
1.57300000e+01	-1.38089123e-03
1.57400000e+01	-1.22890302e-03
1.57500000e+01	-9.98372210e-04
1.57600000e+01	-7.44306564e-04
1.57700000e+01	-5.30929890e-04
1.57800000e+01	-3.48426054e-04
1.57900000e+01	-2.77724023e-04
1.58000000e+01	-3.80990341e-04
1.58100000e+01	-4.61889209e-04
1.58200000e+01	-4.25923145e-04
1.58300000e+01	-3.54289495e-04
1.58400000e+01	-2.34406319e-04
1.58500000e+01	5.44018070e-04
1.58600000e+01	1.77295245e-03
1.58700000e+01	2.71836460e-03
1.58800000e+01	3.29292054e-03
1.58900000e+01	3.79396951e-03
1.59000000e+01	3.96323194e-03
1.59100000e+01	3.90714499e-03
1.59200000e+01	4.05615156e-03
1.59300000e+01	4.42928570e-03
1.59400000e+01	4.77188082e-03
1.59500000e+01	4.66840958e-03
1.59600000e+01	3.80547867e-03
1.59700000e+01	2.85908697e-03
1.59800000e+01	2.34503854e-03
1.59900000e+01	2.06178469e-03
1.60000000e+01	1.68198249e-03
1.60100000e+01	1.43679570e-03
1.60200000e+01	1.41694256e-03
1.60300000e+01	1.33588344e-03
1.60400000e+01	1.09905741e-03
1.60500000e+01	8.42002887e-04
1.60600000e+01	6.72401703e-04
1.60700000e+01	5.67740107e-04
1.60800000e+01	4.87638196e-04
1.60900000e+01	6.97554047e-04
1.61000000e+01	1.22237655e-03
1.61100000e+01	1.65613041e-03
1.61200000e+01	1.86716729e-03
1.61300000e+01	2.03771866e-03
1.61400000e+01	2.31440933e-03
1.61500000e+01	2.23063076e-03
1.61600000e+01	1.28996113e-03
1.61700000e+01	2.69883029e-04
1.61800000e+01	-2.61602393e-04
1.61900000e+01	-5.51182609e-04
1.62000000e+01	-7.19269165e-04
1.62100000e+01	-5.61364658e-04
1.62200000e+01	-4.28485280e-04
1.62300000e+01	-5.48554087e-04
1.62400000e+01	-7.56382055e-04
1.62500000e+01	-8.48168897e-04
1.62600000e+01	-8.17185624e-04
1.62700000e+01	-7.69518898e-04
1.62800000e+01	-7.68032796e-04
1.62900000e+01	-7.97146643e-04
1.63000000e+01	-8.20403972e-04
1.63100000e+01	-8.26736840e-04
1.63200000e+01	-8.27276011e-04
1.63300000e+01	-8.32637617e-04
1.63400000e+01	-8.43010856e-04
1.63500000e+01	-8.46420709e-04
1.63600000e+01	-7.67484816e-04
1.63700000e+01	-6.05331968e-04
1.63800000e+01	-4.68086053e-04
1.63900000e+01	-3.89566310e-04
1.64000000e+01	-3.21659974e-04
1.64100000e+01	-2.24913938e-04
1.64200000e+01	-1.05428454e-04
1.64300000e+01	1.32881161e-05
1.64400000e+01	1.29150281e-04
1.64500000e+01	3.81923953e-04
1.64600000e+01	8.18993696e-04
1.64700000e+01	1.22786055e-03
1.64800000e+01	1.51700637e-03
1.64900000e+01	1.77286540e-03
1.65000000e+01	2.07268976e-03
1.65100000e+01	1.54788099e-03
1.65200000e+01	-3.84415821e-04
1.65300000e+01	-2.05069294e-03
1.65400000e+01	-1.69008421e-03
1.65500000e+01	-4.45013097e-04
1.65600000e+01	-1.03651394e-04
1.65700000e+01	-6.82514744e-04
1.65800000e+01	-1.23179972e-03
1.65900000e+01	-1.28148395e-03
1.66000000e+01	-1.06836737e-03
1.66100000e+01	-9.46244768e-04
1.66200000e+01	-9.89283605e-04
1.66300000e+01	-1.07309311e-03
1.66400000e+01	-1.10152621e-03
1.66500000e+01	-1.08376955e-03
1.66600000e+01	-1.06850371e-03
1.66700000e+01	-1.07568356e-03
1.66800000e+01	-1.09298191e-03
1.66900000e+01	-1.06751473e-03
1.67000000e+01	-7.99718742e-04
1.67100000e+01	-4.13782945e-04
1.67200000e+01	-1.42284502e-04
1.67300000e+01	-3.85387502e-05
1.67400000e+01	-3.12739591e-04
1.67500000e+01	-7.66586128e-04
1.67600000e+01	-1.01712310e-03
1.67700000e+01	-1.06991430e-03
1.67800000e+01	-1.03126654e-03
1.67900000e+01	-2.77357794e-04
1.68000000e+01	9.55126452e-04
1.68100000e+01	1.84957529e-03
1.68200000e+01	2.32824150e-03
1.68300000e+01	2.78685741e-03
1.68400000e+01	2.81247247e-03
1.68500000e+01	2.09932212e-03
1.68600000e+01	1.50118049e-03
1.68700000e+01	1.40307893e-03
1.68800000e+01	1.43644961e-03
1.68900000e+01	1.23373364e-03
1.69000000e+01	8.44477975e-04
1.69100000e+01	6.20787107e-04
1.69200000e+01	5.75827665e-04
1.69300000e+01	4.97585846e-04
1.69400000e+01	3.19798834e-04
1.69500000e+01	1.21702365e-04
1.69600000e+01	-3.08789309e-05
1.69700000e+01	-1.47389265e-04
1.69800000e+01	-2.58073715e-04
1.69900000e+01	-2.98550626e-04
1.70000000e+01	-2.57269416e-04
1.70100000e+01	-2.39012184e-04
1.70200000e+01	-2.78879029e-04
1.70300000e+01	-3.29476951e-04
1.70400000e+01	-3.51113412e-04
1.70500000e+01	-3.49745716e-04
1.70600000e+01	-3.49192807e-04
1.70700000e+01	-3.59559229e-04
1.70800000e+01	-3.75202622e-04
1.70900000e+01	-3.88647801e-04
1.71000000e+01	-3.98763463e-04
1.71100000e+01	-4.08409173e-04
1.71200000e+01	-4.19531860e-04
1.71300000e+01	-4.31792773e-04
1.71400000e+01	-4.44123219e-04
1.71500000e+01	-4.54285027e-04
1.71600000e+01	-2.91106696e-04
1.71700000e+01	1.51351817e-04
1.71800000e+01	5.73023894e-04
1.71900000e+01	8.19573874e-04
1.72000000e+01	1.00553392e-03
1.72100000e+01	1.26316411e-03
1.72200000e+01	1.50810654e-03
1.72300000e+01	1.13842074e-03
1.72400000e+01	3.39380972e-04
1.72500000e+01	-2.11404679e-04
1.72600000e+01	-4.21523677e-04
1.72700000e+01	-6.27283373e-04
1.72800000e+01	-1.02838831e-03
1.72900000e+01	-1.54768802e-03
1.73000000e+01	-2.10736930e-03
1.73100000e+01	-2.72724346e-03
1.73200000e+01	-3.33186961e-03
1.73300000e+01	-3.88139464e-03
1.73400000e+01	-4.41678336e-03
1.73500000e+01	-4.85908991e-03
1.73600000e+01	-4.29289054e-03
1.73700000e+01	-2.88702714e-03
1.73800000e+01	-1.85768540e-03
1.73900000e+01	-1.46767242e-03
1.74000000e+01	-1.13518530e-03
1.74100000e+01	-4.59965353e-04
1.74200000e+01	3.16770313e-04
1.74300000e+01	5.30152965e-04
1.74400000e+01	4.15941830e-04
1.74500000e+01	5.23491098e-04
1.74600000e+01	8.87691431e-04
1.74700000e+01	1.21763823e-03
1.74800000e+01	1.24039435e-03
1.74900000e+01	1.05785245e-03
1.75000000e+01	9.59724871e-04
1.75100000e+01	1.00726868e-03
1.75200000e+01	1.07559966e-03
1.75300000e+01	1.07574334e-03
1.75400000e+01	1.02681327e-03
1.75500000e+01	9.83006950e-04
1.75600000e+01	9.63845053e-04
1.75700000e+01	9.54468037e-04
1.75800000e+01	9.38488829e-04
1.75900000e+01	9.14583258e-04
1.76000000e+01	8.89608366e-04
1.76100000e+01	8.67429588e-04
1.76200000e+01	8.16965278e-04
1.76300000e+01	6.44929909e-04
1.76400000e+01	4.24762371e-04
1.76500000e+01	2.65063006e-04
1.76600000e+01	1.56551284e-04
1.76700000e+01	3.60871445e-05
1.76800000e+01	-1.20489782e-04
1.76900000e+01	-2.91699668e-04
1.77000000e+01	-3.69538656e-04
1.77100000e+01	-1.84959312e-04
1.77200000e+01	7.04124251e-05
1.77300000e+01	1.87236812e-04
1.77400000e+01	2.07530118e-04
1.77500000e+01	2.63002705e-04
1.77600000e+01	3.92912712e-04
1.77700000e+01	5.27243583e-04
1.77800000e+01	5.07433338e-04
1.77900000e+01	3.99078827e-04
1.78000000e+01	3.52496420e-04
1.78100000e+01	3.78009748e-04
1.78200000e+01	4.00295605e-04
1.78300000e+01	3.80190657e-04
1.78400000e+01	3.41243685e-04
1.78500000e+01	3.83409005e-04
1.78600000e+01	5.34280068e-04
1.78700000e+01	6.72250891e-04
1.78800000e+01	7.42781449e-04
1.78900000e+01	7.92529766e-04
1.79000000e+01	8.70548198e-04
1.79100000e+01	9.76092541e-04
1.79200000e+01	1.08359021e-03
1.79300000e+01	1.15631269e-03
1.79400000e+01	1.02372529e-03
1.79500000e+01	7.31432858e-04
1.79600000e+01	5.17366201e-04
1.79700000e+01	4.28276261e-04
1.79800000e+01	3.48553584e-04
1.79900000e+01	2.01033118e-04
1.80000000e+01	8.40175517e-06
1.80100000e+01	-1.77622565e-04
1.80200000e+01	-3.39944369e-04
1.80300000e+01	-4.93397389e-04
1.80400000e+01	-6.53243686e-04
1.80500000e+01	-8.20261864e-04
1.80600000e+01	-9.87885495e-04
1.80700000e+01	-1.15247735e-03
1.80800000e+01	-1.30661448e-03
1.80900000e+01	-1.36462907e-03
1.81000000e+01	-1.32489657e-03
1.81100000e+01	-1.31497944e-03
1.81200000e+01	-1.37458186e-03
1.81300000e+01	-1.44649049e-03
1.81400000e+01	-1.44048736e-03
1.81500000e+01	-1.13461163e-03
1.81600000e+01	-6.93950802e-04
1.81700000e+01	-3.95474009e-04
1.81800000e+01	-2.31297672e-04
1.81900000e+01	-4.69267173e-05
1.82000000e+01	2.24804237e-04
1.82100000e+01	5.37356833e-04
1.82200000e+01	8.31873801e-04
1.82300000e+01	1.09902385e-03
1.82400000e+01	1.35871613e-03
1.82500000e+01	1.40880099e-03
1.82600000e+01	1.04777695e-03
1.82700000e+01	6.67202551e-04
1.82800000e+01	5.31821866e-04
1.82900000e+01	5.07760553e-04
1.83000000e+01	3.94307152e-04
1.83100000e+01	1.67086033e-04
1.83200000e+01	-8.21149959e-05
1.83300000e+01	-2.91159344e-04
1.83400000e+01	-4.69911115e-04
1.83500000e+01	-6.51655855e-04
1.83600000e+01	-8.47206025e-04
1.83700000e+01	-9.11129043e-04
1.83800000e+01	-7.08632371e-04
1.83900000e+01	-4.89198969e-04
1.84000000e+01	-4.24773173e-04
1.84100000e+01	-4.32584067e-04
1.84200000e+01	-3.84646130e-04
1.84300000e+01	-2.63991901e-04
1.84400000e+01	-1.28396009e-04
1.84500000e+01	-2.50897429e-05
1.84600000e+01	-2.45269436e-05
1.84700000e+01	-1.07495992e-04
1.84800000e+01	-1.54746463e-04
1.84900000e+01	-1.37020116e-04
1.85000000e+01	-1.10531959e-04
1.85100000e+01	-1.16615536e-04
1.85200000e+01	-1.46276629e-04
1.85300000e+01	-1.73528707e-04
1.85400000e+01	-1.88646668e-04
1.85500000e+01	-1.98469305e-04
1.85600000e+01	-2.10898545e-04
1.85700000e+01	-2.26729352e-04
1.85800000e+01	-2.42725655e-04
1.85900000e+01	-2.57303921e-04
1.86000000e+01	-3.12673309e-04
1.86100000e+01	-4.48154885e-04
1.86200000e+01	-5.87476308e-04
1.86300000e+01	-6.78912757e-04
1.86400000e+01	-7.48214056e-04
1.86500000e+01	-8.34343435e-04
1.86600000e+01	-9.42197685e-04
1.86700000e+01	-1.05402550e-03
1.86800000e+01	-1.15776838e-03
1.86900000e+01	-1.25528578e-03
1.87000000e+01	-1.35310837e-03
1.87100000e+01	-1.40968930e-03
1.87200000e+01	-1.09289486e-03
1.87300000e+01	-4.70435288e-04
1.87400000e+01	1.35017288e-05
1.87500000e+01	2.64622524e-04
1.87600000e+01	4.93311600e-04
1.87700000e+01	6.31727624e-04
1.87800000e+01	5.07418131e-04
1.87900000e+01	3.97756228e-04
1.88000000e+01	4.62233309e-04
1.88100000e+01	5.85479143e-04
1.88200000e+01	6.31502663e-04
1.88300000e+01	5.98342887e-04
1.88400000e+01	5.56851294e-04
1.88500000e+01	5.47088017e-04
1.88600000e+01	5.57377775e-04
1.88700000e+01	5.63604613e-04
1.88800000e+01	5.59010808e-04
1.88900000e+01	5.51287067e-04
1.89000000e+01	5.47329968e-04
1.89100000e+01	5.47086025e-04
1.89200000e+01	5.47323780e-04
1.89300000e+01	5.94122338e-04
1.89400000e+01	5.95486573e-04
1.89500000e+01	5.97159145e-04
1.89600000e+01	5.99339005e-04
1.89700000e+01	6.01630139e-04
1.89800000e+01	6.03722217e-04
1.89900000e+01	6.05673027e-04
1.90000000e+01	6.07625200e-04
1.90100000e+01	6.09632538e-04
1.90200000e+01	6.11624354e-04
1.90300000e+01	6.13576212e-04
1.90400000e+01	6.15463676e-04
1.90500000e+01	6.17300695e-04
1.90600000e+01	6.19077409e-04
1.90700000e+01	6.20799588e-04
1.90800000e+01	6.22444577e-04
1.90900000e+01	6.23997170e-04
1.91000000e+01	6.25429470e-04
1.91100000e+01	6.26780700e-04
1.91200000e+01	6.28027682e-04
1.91300000e+01	6.29155106e-04
1.91400000e+01	6.30120075e-04
1.91500000e+01	6.30923745e-04
1.91600000e+01	6.31561919e-04
1.91700000e+01	6.32034702e-04
1.91800000e+01	6.32315038e-04
1.91900000e+01	6.32405756e-04
1.92000000e+01	6.32272248e-04
1.92100000e+01	6.31904655e-04
1.92200000e+01	6.31271830e-04
1.92300000e+01	6.30381742e-04
1.92400000e+01	6.29244461e-04
1.92500000e+01	6.27833766e-04
1.92600000e+01	6.26123019e-04
1.92700000e+01	6.24107290e-04
1.92800000e+01	6.21768228e-04
1.92900000e+01	6.19099118e-04
1.93000000e+01	6.16073534e-04
1.93100000e+01	6.12686859e-04
1.93200000e+01	6.08927767e-04
1.93300000e+01	6.04795105e-04
1.93400000e+01	6.00258982e-04
1.93500000e+01	5.95314365e-04
1.93600000e+01	5.89945942e-04
1.93700000e+01	5.84159167e-04
1.93800000e+01	5.77932643e-04
1.93900000e+01	5.71263226e-04
1.94000000e+01	5.63050130e-04
1.94100000e+01	4.45856410e-04
1.94200000e+01	1.25140115e-04
1.94300000e+01	-1.97595683e-04
1.94400000e+01	-3.91879678e-04
1.94500000e+01	-5.26939231e-04
1.94600000e+01	-7.01727821e-04
1.94700000e+01	-9.26393831e-04
1.94800000e+01	-1.15504054e-03
1.94900000e+01	-1.35765897e-03
1.95000000e+01	-1.53941220e-03
1.95100000e+01	-1.71626141e-03
1.95200000e+01	-1.86395387e-03
1.95300000e+01	-1.67857820e-03
1.95400000e+01	-1.16012286e-03
1.95500000e+01	-7.53166749e-04
1.95600000e+01	-5.90913429e-04
1.95700000e+01	-4.75790392e-04
1.95800000e+01	-2.51448031e-04
1.95900000e+01	5.43531338e-05
1.96000000e+01	3.47192915e-04
1.96100000e+01	5.89238445e-04
1.96200000e+01	7.68116802e-04
1.96300000e+01	7.28959972e-04
1.96400000e+01	5.94475772e-04
1.96500000e+01	5.68434285e-04
1.96600000e+01	6.38277167e-04
1.96700000e+01	6.87715574e-04
1.96800000e+01	6.70597092e-04
1.96900000e+01	6.24101208e-04
1.97000000e+01	5.91184011e-04
1.97100000e+01	5.76714921e-04
1.97200000e+01	4.89223825e-04
1.97300000e+01	2.53986150e-04
1.97400000e+01	1.59494226e-05
1.97500000e+01	-1.28981535e-04
1.97600000e+01	-2.28375810e-04
1.97700000e+01	-3.52423845e-04
1.97800000e+01	-5.09112413e-04
1.97900000e+01	-6.66596155e-04
1.98000000e+01	-8.06042066e-04
1.98100000e+01	-9.53387388e-04
1.98200000e+01	-1.11879938e-03
1.98300000e+01	-1.27235759e-03
1.98400000e+01	-1.40136839e-03
1.98500000e+01	-1.51764297e-03
1.98600000e+01	-1.63254367e-03
1.98700000e+01	-1.74514442e-03
1.98800000e+01	-1.84914215e-03
1.98900000e+01	-1.94156570e-03
1.99000000e+01	-2.02323730e-03
1.99100000e+01	-2.02689330e-03
1.99200000e+01	-1.82337502e-03
1.99300000e+01	-1.57153171e-03
1.99400000e+01	-1.43465622e-03
1.99500000e+01	-1.37373970e-03
1.99600000e+01	-1.28593282e-03
1.99700000e+01	-1.14469551e-03
1.99800000e+01	-9.89186594e-04
1.99900000e+01	-8.42308707e-04
2.00000000e+01	-6.22550083e-04
2.00100000e+01	-3.39750452e-04
2.00200000e+01	-1.00411840e-04
2.00300000e+01	7.26274083e-05
2.00400000e+01	2.28579690e-04
2.00500000e+01	3.99837714e-04
2.00600000e+01	5.76203962e-04
2.00700000e+01	7.30714348e-04
2.00800000e+01	7.68545852e-04
2.00900000e+01	6.80595712e-04
2.01000000e+01	6.20644056e-04
2.01100000e+01	6.40998190e-04
2.01200000e+01	6.77446268e-04
2.01300000e+01	6.76167088e-04
2.01400000e+01	6.44467088e-04
2.01500000e+01	6.12797294e-04
2.01600000e+01	5.89244003e-04
2.01700000e+01	5.39710369e-04
2.01800000e+01	4.71580855e-04
2.01900000e+01	4.19279842e-04
2.02000000e+01	3.87117232e-04
2.02100000e+01	3.58766152e-04
2.02200000e+01	3.25275909e-04
2.02300000e+01	2.90523896e-04
2.02400000e+01	2.78610964e-04
2.02500000e+01	3.92541344e-04
2.02600000e+01	5.65938327e-04
2.02700000e+01	6.63373402e-04
2.02800000e+01	6.83389624e-04
2.02900000e+01	6.95983520e-04
2.03000000e+01	6.98425257e-04
2.03100000e+01	6.35493637e-04
2.03200000e+01	5.60360360e-04
2.03300000e+01	5.21698758e-04
2.03400000e+01	5.02626529e-04
2.03500000e+01	4.72483213e-04
2.03600000e+01	4.26988901e-04
2.03700000e+01	3.77712843e-04
2.03800000e+01	3.25614975e-04
2.03900000e+01	2.77033620e-04
2.04000000e+01	2.37608096e-04
2.04100000e+01	2.04301178e-04
2.04200000e+01	1.72466937e-04
2.04300000e+01	1.41375431e-04
2.04400000e+01	1.12798028e-04
2.04500000e+01	8.78495222e-05
2.04600000e+01	6.88822651e-05
2.04700000e+01	7.30683305e-05
2.04800000e+01	8.97334624e-05
2.04900000e+01	9.24138774e-05
2.05000000e+01	7.99960797e-05
2.05100000e+01	5.33608963e-05
2.05200000e+01	7.81559360e-06
2.05300000e+01	-2.95831806e-05
2.05400000e+01	-4.60441912e-05
2.05500000e+01	-5.35132505e-05
2.05600000e+01	-6.35717129e-05
2.05700000e+01	-7.60083989e-05
2.05800000e+01	-8.51120963e-05
2.05900000e+01	-7.94090435e-05
2.06000000e+01	-6.19333308e-05
2.06100000e+01	-5.15824619e-05
2.06200000e+01	-5.17315335e-05
2.06300000e+01	-5.40965112e-05
2.06400000e+01	-5.37000043e-05
2.06500000e+01	-5.33775192e-05
2.06600000e+01	-5.67340737e-05
2.06700000e+01	-6.04395630e-05
2.06800000e+01	-6.18860419e-05
2.06900000e+01	-6.19608085e-05
2.07000000e+01	-6.20782912e-05
2.07100000e+01	-6.24081491e-05
2.07200000e+01	-6.24482224e-05
2.07300000e+01	-6.19296706e-05
2.07400000e+01	-6.09569087e-05
2.07500000e+01	-5.97135652e-05
2.07600000e+01	-5.82808461e-05
2.07700000e+01	-5.66657675e-05
2.07800000e+01	-5.48503012e-05
2.07900000e+01	-5.27238339e-05
2.08000000e+01	-5.04995692e-05
2.08100000e+01	-4.84171605e-05
2.08200000e+01	-4.64209289e-05
2.08300000e+01	-4.43897630e-05
2.08400000e+01	-4.23341398e-05
2.08500000e+01	-4.02949088e-05
2.08600000e+01	-3.82180796e-05
2.08700000e+01	-3.61062110e-05
2.08800000e+01	-3.40090043e-05
2.08900000e+01	-3.19589920e-05
2.09000000e+01	-2.99597400e-05
2.09100000e+01	-2.80108287e-05
2.09200000e+01	-2.61214035e-05
2.09300000e+01	-2.43012387e-05
2.09400000e+01	-2.25553581e-05
2.09500000e+01	-2.08870651e-05
2.09600000e+01	-1.92969786e-05
2.09700000e+01	-1.77847735e-05
2.09800000e+01	-1.63503134e-05
2.09900000e+01	-1.49932418e-05
2.10000000e+01	-1.37127510e-05
2.10100000e+01	-1.25077084e-05
2.10200000e+01	-1.13768031e-05
